20
0.00 0.36 0.97 1.39 0.52 0.51 0.56 0.99 0.78 0.95 1.16 1.37 0.99 1.58 0.40 0.87 0.76 0.85 1.26 1.28
0.36 0.00 1.41 1.71 1.00 0.46 0.97 1.00 0.58 1.32 1.48 1.53 1.08 1.35 0.66 1.35 0.87 1.18 0.63 1.50
0.97 1.41 0.00 0.63 0.30 0.84 1.27 1.27 0.92 0.43 1.04 1.18 0.94 1.09 1.10 0.75 0.85 0.67 1.24 0.92
1.39 1.71 0.63 0.00 0.85 1.41 0.78 1.40 1.48 0.88 0.44 0.42 0.55 0.97 1.23 0.75 1.43 0.64 1.20 0.70
0.52 1.00 0.30 0.85 0.00 0.83 1.03 1.04 1.08 0.71 0.92 1.47 0.83 0.94 0.62 1.10 0.88 0.54 1.48 1.15
0.51 0.46 0.84 1.41 0.83 0.00 0.86 1.10 0.32 0.69 1.61 1.23 0.96 1.47 1.11 1.19 0.94 0.78 0.52 1.73
0.56 0.97 1.27 0.78 1.03 0.86 0.00 0.97 1.02 1.06 0.69 0.59 1.02 1.41 0.56 0.79 1.47 0.76 1.08 0.97
0.99 1.00 1.27 1.40 1.04 1.10 0.97 0.00 1.13 1.36 0.99 1.21 1.48 0.46 0.94 1.26 1.13 0.88 1.28 0.92
0.78 0.58 0.92 1.48 1.08 0.32 1.02 1.13 0.00 1.02 1.89 1.46 1.24 1.40 0.96 1.26 0.93 1.49 0.42 1.14
0.95 1.32 0.43 0.88 0.71 0.69 1.06 1.36 1.02 0.00 0.81 0.71 0.93 1.23 1.16 0.50 0.62 0.56 1.11 1.31
1.16 1.48 1.04 0.44 0.92 1.61 0.69 0.99 1.89 0.81 0.00 0.41 0.95 0.75 0.81 0.64 1.26 0.48 1.47 0.81
1.37 1.53 1.18 0.42 1.47 1.23 0.59 1.21 1.46 0.71 0.41 0.00 0.75 1.16 1.40 0.47 1.23 0.67 1.02 0.96
0.99 1.08 0.94 0.55 0.83 0.96 1.02 1.48 1.24 0.93 0.95 0.75 0.00 1.11 1.37 1.08 0.81 0.78 1.16 1.33
1.58 1.35 1.09 0.97 0.94 1.47 1.41 0.46 1.40 1.23 0.75 1.16 1.11 0.00 1.12 1.56 1.19 0.90 1.15 0.93
0.40 0.66 1.10 1.23 0.62 1.11 0.56 0.94 0.96 1.16 0.81 1.40 1.37 1.12 0.00 1.04 1.08 1.15 1.26 0.77
0.87 1.35 0.75 0.75 1.10 1.19 0.79 1.26 1.26 0.50 0.64 0.47 1.08 1.56 1.04 0.00 0.67 0.91 1.40 0.64
0.76 0.87 0.85 1.43 0.88 0.94 1.47 1.13 0.93 0.62 1.26 1.23 0.81 1.19 1.08 0.67 0.00 1.25 1.39 1.07
0.85 1.18 0.67 0.64 0.54 0.78 0.76 0.88 1.49 0.56 0.48 0.67 0.78 0.90 1.15 0.91 1.25 0.00 1.22 1.52
1.26 0.63 1.24 1.20 1.48 0.52 1.08 1.28 0.42 1.11 1.47 1.02 1.16 1.15 1.26 1.40 1.39 1.22 0.00 1.37
1.28 1.50 0.92 0.70 1.15 1.73 0.97 0.92 1.14 1.31 0.81 0.96 1.33 0.93 0.77 0.64 1.07 1.52 1.37 0.00
